## Categorical variables

[[1]][[1]]
hemat0 
     1 

[[1]][[2]]
[1] 0.3144956 0.6060404 4.4384463


[[2]]
[[2]][[1]]
 malena0 
2.582792 

[[2]][[2]]
[1] 1.1764934 0.1910496 6.5160297


[[3]]
[[3]][[1]]
hematochezia1 
    0.1919192 

[[3]][[2]]
[1] 0.08924787 1.54962656 0.41594988


[[4]]
[[4]][[1]]
hospital_bleeding1 
         0.3386243 

[[4]][[2]]
[1] 0.1743311 0.7724553 0.6690189


[[5]]
[[5]][[1]]
painful1 
1.324675 

[[5]][[2]]
[1] 0.6606133 0.2929877 2.8506996


[[6]]
[[6]][[1]]
  clots1 
0.620021 

[[6]][[2]]
[1] 0.3357996 0.4062899 1.1475331


[[7]]
[[7]][[1]]
coffe_colored1 
      1.094697 

[[7]][[2]]
[1] 0.5797322 0.3119273 2.1403364


[[8]]
[[8]][[1]]
 Pallor1 
0.427953 

[[8]][[2]]
[1] 0.1792128 0.3364987 0.9098095


[[9]]
[[9]][[1]]
     JVP1 
0.5179063 

[[9]][[2]]
[1] 0.1438093 1.2964785 2.4292890


[[10]]
[[10]][[1]]
    SEX1 
0.981203 

[[10]][[2]]
[1] 0.4940433 0.2853210 1.8728138


[[11]]
[[11]][[1]]
FIRST_EPISODE1 
     0.6277496 

[[11]][[2]]
[1] 0.3235848 0.4889338 1.2625532


[[12]]
[[12]][[1]]
bleeding_pr1 
   0.6982759 

[[12]][[2]]
[1] 0.2628587 0.6960938 2.2002254


[[13]]
[[13]][[1]]
    SBP0 
2.792115 

[[13]][[2]]
[1] 1.4339862 0.2170585 5.3568472


[[14]]
[[14]][[1]]
ICTERUS0 
1.510204 

[[14]][[2]]
[1] 0.6076905 0.2600853 3.4105477


[[15]]
[[15]][[1]]
  EDEMA0 
1.443459 

[[15]][[2]]
[1] 0.6112257 0.2607024 3.1363378


[[16]]
[[16]][[1]]
  HBSAG0 
1.740741 

[[16]][[2]]
[1] 0.5443610 0.2606025 4.7509625


[[17]]
[[17]][[1]]
    HCV0 
6.620155 

[[17]][[2]]
[1]  2.1036205  0.2409211 21.4855938


[[18]]
[[18]][[1]]
      DOATSb       DOATSc       DOATSd 
6.212121e-01 7.167832e-01 8.091772e-07 

[[18]][[2]]
[1] 1.778879e-01 1.095979e-01           NA 2.941043e-01 1.674640e+00 2.717161e+00 1.145323e+64


[[19]]
[[19]][[1]]
      DOHTSb       DOHTSc       DOHTSd 
3.770380e-01 3.922991e-01 1.477507e-07 

[[19]][[2]]
[1] 1.676176e-01 1.827247e-01           NA 7.630978e-01 8.407123e-01 8.459888e-01 9.672388e+20


[[20]]
[[20]][[1]]
     ICU1 
0.1900255 

[[20]][[2]]
[1] 0.08352541 0.50005456 0.39073654


[[21]]
[[21]][[1]]
`BLOOD TRANSFUSION`0 
            4.205128 

[[21]][[2]]
[1] 2.045085 0.139264 9.564876


[[22]]
[[22]][[1]]
  SHOCK0 
2.541002 

[[22]][[2]]
[1] 1.3734209 0.2033099 4.7407808


[[23]]
[[23]][[1]]
`PULSE>100`0 
    2.964286 

[[23]][[2]]
[1] 1.5992886 0.1867197 5.6002753


[[24]]
[[24]][[1]]
    ASA2     ASA3     ASA4 
1.407210 2.735294 3.406593 

[[24]][[2]]
[1]  0.5726754  1.1336335  0.8908178  0.2299206  3.8106229  7.3484285 12.4515087


[[25]]
[[25]][[1]]
named numeric(0)

[[25]][[2]]
   97.5 % 
0.2683651 


[[26]]
[[26]][[1]]
ENDOSCOPIC_ETIOLOGYn ENDOSCOPIC_ETIOLOGYv 
            2.219298             2.646018 

[[26]][[2]]
[1]  0.5952237  0.7187321  0.2937383 14.4491811 17.1348695


[[27]]
[[27]][[1]]
DEATH_70 
2.666667 

[[27]][[2]]
[1] 0.7994959 0.2550220 7.8860609


[[28]]
[[28]][[1]]
DEATH_7_280 
   1.889328 

[[28]][[2]]
[1] 0.5064127 0.2611203 5.7980127


[[29]]
[[29]][[1]]
  DEATH0 
2.393728 

[[29]][[2]]
[1] 0.9819559 0.2466577 5.4596251


[[30]]
[[30]][[1]]
   CauseOthers CauseCirrhosis CauseNeoplasia 
      4.621849       4.653846       8.800000 

[[30]][[2]]
[1]   0.9024056   0.8995113   0.7109471   0.2162470  84.6601646  85.5052970 213.4035543


[[31]]
[[31]][[1]]
ascites0 
1.606673 

[[31]][[2]]
[1] 0.6061693 0.2594866 3.8130192




# numeric


[[1]]
[[1]][[1]]
`Sr. no` 
1.000522 

[[1]][[2]]
[1] 0.9970126 0.3341444 1.0040603


[[2]]
[[2]][[1]]
     age 
1.003244 

[[2]][[2]]
[1] 0.9857987 0.3881003 1.0211233


[[3]]
[[3]][[1]]
      WBC 
0.9999676 

[[3]][[2]]
[1] 0.9999074 0.4907136 1.0000214


[[4]]
[[4]][[1]]
 PLATELET 
0.9999996 

[[4]][[2]]
[1] 0.9999959 0.3749553 1.0000026


[[5]]
[[5]][[1]]
     INR 
1.943267 

[[5]][[2]]
[1] 1.0843855 0.1916751 3.9458103


[[6]]
[[6]][[1]]
ALBUMIN 
0.74077 

[[6]][[2]]
[1] 0.397684 2.900625 1.400755


[[7]]
[[7]][[1]]
      GCS 
0.6849991 

[[7]][[2]]
[1]    0.4999008 4634.9108051    0.8988622


[[8]]
[[8]][[1]]
         pH 
0.002250013 

[[8]][[2]]
[1] 1.021330e-05 9.162470e+35 5.213875e-01


[[9]]
[[9]][[1]]
Bicarbonate 
  0.9277145 

[[9]][[2]]
[1] 0.8478095 3.8344053 1.0172081


[[10]]
[[10]][[1]]
`stay duration` 
       1.039701 

[[10]][[2]]
[1] 0.9911748 0.2378844 1.0873608


[[11]]
[[11]][[1]]
       HB 
0.8194168 

[[11]][[2]]
[1] 0.7230525 2.4651189 0.9217285


[[12]]
[[12]][[1]]
    BUN 
1.01263 

[[12]][[2]]
[1] 0.9898835 0.2730795 1.0341471


[[13]]
[[13]][[1]]
CREATNINE 
 1.241666 

[[13]][[2]]
[1] 0.8982975 0.2501672 1.6797749


[[14]]
[[14]][[1]]
 lactate 
1.198192 

[[14]][[2]]
[1] 1.0549447 0.1944212 1.3751652


[[15]]
[[15]][[1]]
PNED.SCORE 
  1.614869 

[[15]][[2]]
[1] 1.41805153 0.03742153 1.87463330


[[16]]
[[16]][[1]]
ROCKALL.SCORE 
     1.331704 

[[16]][[2]]
[1] 1.1487570 0.1081885 1.5696844


[[17]]
[[17]][[1]]
GBS.SCORE 
  1.21789 

[[17]][[2]]
[1] 1.11839320 0.07240122 1.33801455


[[18]]
[[18]][[1]]
  AIMS65 
1.332284 

[[18]][[2]]
[1] 1.0019235 0.2258664 1.7651717


[[19]]
[[19]][[1]]
      RF 
1.562072 

[[19]][[2]]
[1] 0.8002411 0.2503640 2.9672868



